一、三叉
0000
0100
1110
0000

0000
0100
0110
0100

0000
0000
1110
0100

0000
0100
1100
0100

二、杆
0000
0000
1111
0000

0100
0100
0100
0100

0000
0000
1111
0000

0100
0100
0100
0100

三、方块
0000
0110
0110
0000

0000
0110
0110
0000

0000
0110
0110
0000

0000
0110
0110
0000

四、7字形
0000
0010
1110
0000

0100
0100
0110
0000

0000
0111
0100
0000

0000
0110
0010
0010

五、反七字
0000
0111
0100
0000

0000
0110
0010
0010

0000
0010
1110
0000

0100
0100
0110
0000

六、Z字形
0000
0110
0011
0000

0000
0010
0110
0100

0000
0110
0011
0000

0000
0010
0110
0100

七、反Z字形
0000
0011
0110
0000

0000
0100
0110
0010

0000
0011
0110
0000

0000
0100
0110
0010


